6
0 61 177 188 381 104
61 0 177 118 338 165
177 177 0 294 296 165
188 118 294 0 368 255
381 338 296 368 0 440
104 165 165 255 440 0
